k_over_h W_arrow_over_E_A
2.000000000000000042e-02 1.998201798038330040e-04
2.244369563014422461e-02 2.515746457716924278e-04
2.309563969378916615e-02 2.663846223667357192e-04
2.518597367692774688e-02 3.167146756227548487e-04
2.591757538354406976e-02 3.353535979468917475e-04
2.667042864326648471e-02 3.550876822853979626e-04
2.826331636768953520e-02 3.986910878738237317e-04
2.908430866897907668e-02 4.221452193250479958e-04
2.992914913974766694e-02 4.469763285555118692e-04
3.079853052118984580e-02 4.732649208985977084e-04
3.171666350274486568e-02 5.018378070648506998e-04
3.263796856898656951e-02 5.313453148631309183e-04
3.358603568808447154e-02 5.625834338128384796e-04
3.456164224366460591e-02 5.956531321544672984e-04
3.556558820077845851e-02 6.306612045852725765e-04
3.559195710296549076e-02 6.315940588774923703e-04
3.662583162742742704e-02 6.687081068915119806e-04
3.768973812032647142e-02 7.079961104283345697e-04
3.878454894973715900e-02 7.495845680682445417e-04
3.991116182426602405e-02 7.936072375897440957e-04
3.994075260500536129e-02 7.947802532966996179e-04
4.107050052914292676e-02 8.402055402743025198e-04
4.110095086234454714e-02 8.414471707352134521e-04
4.229485053762257335e-02 8.908432126161938518e-04
4.352343058901653183e-02 9.431266522721921735e-04
4.478769841146292008e-02 9.984647817848433648e-04
4.482090473528151792e-02 9.999392285804855219e-04
4.608869066268805881e-02 1.057034406563109232e-03
4.612286156319874569e-02 1.058594930912856507e-03
4.742747411323310763e-02 1.119022364698696488e-03
4.746263760944213761e-02 1.120673940597167843e-03
4.884133144597978954e-02 1.186373954748523411e-03
5.026007355607838012e-02 1.255903835164072068e-03
5.029733718731741604e-02 1.257756289241125473e-03
5.172002726126204153e-02 1.329484208422665329e-03
5.175837332578553385e-02 1.331444541039278036e-03
5.322238967519741376e-02 1.407348094544366582e-03
5.326184961550777669e-02 1.409422507379784256e-03
5.476839268528723575e-02 1.489741565114753976e-03
5.480899885722811254e-02 1.491936606671529766e-03
5.640108966206418273e-02 1.579247015566257904e-03
5.644290634194433498e-02 1.581572995789657168e-03
5.803942749172634474e-02 1.671628389363734486e-03
5.808245886176530148e-02 1.674089403681608239e-03
5.972535572895305844e-02 1.769370614341631313e-03
5.976963707344853244e-02 1.771974375113611775e-03
6.146025677904019824e-02 1.872779592678367952e-03
6.150582440722752314e-02 1.875534237527952484e-03
6.324555320336759656e-02 1.982178060583468168e-03
6.329244447919211980e-02 1.985092174013485845e-03
6.333937052096677567e-02 1.988010533129502041e-03
6.513096225860655342e-02 2.100989075985418633e-03
6.517925140719169064e-02 2.104076198347137189e-03
6.702288526913564859e-02 2.223584429896831478e-03
6.707257712003314443e-02 2.226849875220717010e-03
6.896976482496432193e-02 2.353257238182114314e-03
6.902090012384551332e-02 2.356711083854596926e-03
7.097319730282376782e-02 2.490406974442283504e-03
7.102581797893951776e-02 2.494059840695523906e-03
7.107847766887540053e-02 2.497718004278557877e-03
7.303482545096755263e-02 2.635454572675039082e-03
7.308897465152881801e-02 2.639317648642038484e-03
7.314316399918298350e-02 2.643186319341041084e-03
7.521206186172788022e-02 2.792928520743100627e-03
7.526782530056998211e-02 2.797019499292824080e-03
7.739682047070631232e-02 2.955360036770601946e-03
7.745420372490861849e-02 2.959685748201528604e-03
7.964504190813748163e-02 3.127104431613618018e-03
7.970409203006718901e-02 3.131677953836647498e-03
7.976318593271213009e-02 3.136258069874363948e-03
8.195856964111132570e-02 3.308679714099942940e-03
8.201933504991197610e-02 3.313514807252975446e-03
8.208014551116928070e-02 3.318356859702676406e-03
8.433930068571646177e-02 3.500630814432749774e-03
8.440183120700994746e-02 3.505741950940058187e-03
8.446440808944305489e-02 3.510860431067703430e-03
8.685353406927243114e-02 3.708933153246030210e-03
8.691792868385161963e-02 3.714343296113642879e-03
8.937645395181592622e-02 3.923691506281825475e-03
8.944271909999158832e-02 3.929409322037327387e-03
8.950903337821962402e-02 3.935135321071916645e-03
9.197265956535406739e-02 4.150650643930802429e-03
9.204084958235221603e-02 4.156692949564329102e-03
9.210909015653159782e-02 4.162743884754137140e-03
9.464427971247171834e-02 4.390475975941442698e-03
9.471445051184698705e-02 4.396860427403352124e-03
9.478467333698759045e-02 4.403253976841129021e-03
9.739350503317263652e-02 4.643865933383378025e-03
9.746571415265559146e-02 4.650611057920021017e-03
9.753797680914737256e-02 4.657365771836047448e-03
1.002968964498078819e-01 4.918678448515754163e-03
1.003712581906349571e-01 4.925813781685069344e-03
1.004456750644590751e-01 4.932959233117125211e-03
1.032103188789839643e-01 5.201831762289798634e-03
1.032868406783099963e-01 5.209368106334382083e-03
1.033634192121354323e-01 5.216915109166660874e-03
1.062083703500474458e-01 5.500876960666592312e-03
1.062871149532125803e-01 5.508835676034862759e-03
1.063659179388997955e-01 5.516805616213931070e-03
1.092935091658723129e-01 5.816658029590536343e-03
1.093745411408421353e-01 5.825061476997079289e-03
1.094556331942284910e-01 5.833476741537683453e-03
1.124682650380698368e-01 6.150058179803429871e-03
1.125516508283790351e-01 6.158929750857959629e-03
1.126350984422615498e-01 6.167813758450258615e-03
1.127186079255543261e-01 6.176710218978477898e-03
1.158210491405022302e-01 6.511365157231640763e-03
1.159069207391594664e-01 6.520742387735456967e-03
1.159928560044084789e-01 6.530132719136214244e-03
1.191854168755049487e-01 6.883333887285686056e-03
1.192737828708026748e-01 6.893229909785287754e-03
1.193622143820782244e-01 6.903139709692710825e-03
1.226475127034608037e-01 7.275844714898058348e-03
1.227384455525874080e-01 7.286286213952671009e-03
1.228294458207987577e-01 7.296742196126670618e-03
1.262101754282415333e-01 7.689949970472193669e-03
1.263037496931204706e-01 7.700964770146618600e-03
1.263973933354725077e-01 7.711994788443594061e-03
1.264911064067351931e-01 7.723040044799732093e-03
1.298763263152422909e-01 8.126746420881878624e-03
1.299726187236704411e-01 8.138363506120694854e-03
1.300689825248472764e-01 8.149996575787526662e-03
1.301654177717045391e-01 8.161645650110457145e-03
1.337480609952844124e-01 8.599625572238634580e-03
1.338472239704102951e-01 8.611891888040122331e-03
1.339464604665693559e-01 8.624175005831982016e-03
1.376331722455360618e-01 9.085939973780616380e-03
1.377352157049650250e-01 9.098870924415126266e-03
1.378373348210648885e-01 9.111819505431828503e-03
1.416311381369280142e-01 9.598542049061496023e-03
1.417361457529158764e-01 9.612170227281374019e-03
1.418412312232482375e-01 9.625816895531935646e-03
1.419463946056475356e-01 9.639482076479570505e-03
1.457452368690294320e-01 1.013871376977832847e-02
1.458532947443422212e-01 1.015307297758154259e-02
1.459614327355110430e-01 1.016745156638262579e-02
1.460696509019351330e-01 1.018184955965888670e-02
1.499788418664912137e-01 1.070778383817178568e-02
1.500900386050063873e-01 1.072290908637600799e-02
1.502013177865816063e-01 1.073805463777398155e-02
1.503126794723414206e-01 1.075322051664664470e-02
1.544498513245012583e-01 1.132305505515601371e-02
1.545643629417248199e-01 1.133900381298129020e-02
1.546789594597130224e-01 1.135497385223360224e-02
1.589363078048061928e-01 1.195493357573288243e-02
1.590541457534101477e-01 1.197172297151516754e-02
1.591720710689746576e-01 1.198853463316154958e-02
1.592900838162749633e-01 1.200536858655076519e-02
1.635530867915885311e-01 1.262001283873679519e-02
1.636743476947865317e-01 1.263768146964770744e-02
1.637956985027789469e-01 1.265537338065888390e-02
1.639171392822226792e-01 1.267308859841078522e-02
1.683039738906530192e-01 1.331980551805921065e-02
1.684287571783679993e-01 1.333839311601974463e-02
1.685536329824302848e-01 1.335700503719367688e-02
1.686786013714329513e-01 1.337564130895374861e-02
1.731928646720131137e-01 1.405586739705163776e-02
1.733212726624066835e-01 1.407541478810328366e-02
1.734497758565607117e-01 1.409498757316691130e-02
1.735783743250608191e-01 1.411458578031399465e-02
1.783559058474993020e-01 1.485034465393991754e-02
1.784881418001067199e-01 1.487092019795745179e-02
1.786204757945876465e-01 1.489152226172047247e-02
1.787529079036318802e-01 1.491215087397262419e-02
1.835367849660486939e-01 1.566481996252349143e-02
1.836728621062093392e-01 1.568644113864065340e-02
1.838090401361620330e-01 1.570808995653182397e-02
1.839453191307081625e-01 1.572976644554313977e-02
1.888681581672778109e-01 1.652051436541651652e-02
1.890081880737380371e-01 1.654322494897727744e-02
1.891483218006352052e-01 1.656596431856351831e-02
1.892885594249434367e-01 1.658873250406643282e-02
1.943543970005710275e-01 1.741913473185508626e-02
1.944984944932146576e-01 1.744297931089929671e-02
1.946426988220693877e-01 1.746685383994001778e-02
1.947870100663453008e-01 1.749075834934087428e-02
2.000000000000000389e-01 1.836241741967845065e-02
2.001482832339967211e-01 1.838744129086529455e-02
2.002966764075808648e-01 1.841249629284215025e-02
2.004451796022634069e-01 1.843758245636514109e-02
2.005937928996157638e-01 1.846269981220131223e-02
2.059621869356613733e-01 1.937837301412142707e-02
2.061148906314606843e-01 1.940465438822305821e-02
2.062677075442492236e-01 1.943096811847865382e-02
2.064206377579679841e-01 1.945731423595303475e-02
2.119449728066160610e-01 2.041755672123377746e-02
2.121021122366015810e-01 2.044511081589650905e-02
2.122593681723014825e-01 2.047269847098358991e-02
2.124167407000949470e-01 2.050031971775700609e-02
2.181015465330515823e-01 2.150678917331971460e-02
2.182632505463495964e-01 2.153566263248712920e-02
2.184250744496178398e-01 2.156457086179596264e-02
2.185870183317446536e-01 2.159351389258963930e-02
2.244369563014422808e-01 2.264787537526209010e-02
2.246033574899860830e-01 2.267811496661473192e-02
2.247698820510617423e-01 2.270839053858269077e-02
2.249365300761397013e-01 2.273870212246104777e-02
2.251033016567581257e-01 2.276904974954350666e-02
2.309563969378916892e-01 2.384262158998796607e-02
2.311276317451425311e-01 2.387427401450861048e-02
2.312989935086484095e-01 2.390596362569254174e-02
2.314704823225366415e-01 2.393769045464727574e-02
2.316420982810044604e-01 2.396945453247392374e-02
2.378414230005442831e-01 2.512593930401862963e-02
2.380177624774487688e-01 2.515908936899205472e-02
2.381942326952928568e-01 2.519227784733385489e-02
2.383708337510099806e-01 2.522550476979973713e-02
2.447502363425773098e-01 2.643489521087512978e-02
2.449316981254089920e-01 2.646955163261457272e-02
2.451132944469407160e-01 2.650424764685360007e-02
2.452950254069216351e-01 2.653898328383537397e-02
2.518597367692775313e-01 2.780290171801366728e-02
2.520464696506860558e-01 2.783910963864292057e-02
2.522333409788723446e-01 2.787535830772561868e-02
2.524203508564830667e-01 2.791164775480957719e-02
2.526074993862409412e-01 2.794797800942287747e-02
2.591757538354407253e-01 2.923168441695518996e-02
2.593679109302019503e-01 2.926948794893991998e-02
2.595602104933404930e-01 2.930733335493768826e-02
2.597526526304845818e-01 2.934522066360983200e-02
2.599452374473409377e-01 2.938314990359239959e-02
2.667042864326648610e-01 3.072292375958134841e-02
2.669020253032299284e-01 3.076236569772037438e-02
2.670999107805910877e-01 3.080185059733566225e-02
2.672979429734450019e-01 3.084137848599586770e-02
2.674961219905688803e-01 3.088094939123795304e-02
2.746549904939334374e-01 3.231936509405202579e-02
2.748586241450523548e-01 3.236053061158335881e-02
2.750624087734528933e-01 3.240174015804157814e-02
2.752663444910721791e-01 3.244299375964743853e-02
2.826331636768953937e-01 3.394203922520868527e-02
2.828427124746190624e-01 3.398492452794384111e-02
2.830524166352097470e-01 3.402785484437488572e-02
2.832622762738560285e-01 3.407083019917878097e-02
2.834722915058317527e-01 3.411385061698974513e-02
2.908430866897908085e-01 3.563185920467453610e-02
2.910587224571904996e-01 3.567650116202321364e-02
2.912745181004350314e-01 3.572118905370089137e-02
2.914904737380588640e-01 3.576592290260031948e-02
2.917065894886844424e-01 3.581070273156703593e-02
2.992914913974766833e-01 3.739020072243028070e-02
2.995133909487373014e-01 3.743663355048409275e-02
2.997354550199132772e-01 3.748311315998677923e-02
2.999576837329824275e-01 3.752963957180175530e-02
3.001800772100128856e-01 3.757621280673745928e-02
3.079853052118984857e-01 3.921833006988347664e-02
3.082136504972998736e-01 3.926658496347355115e-02
3.084421650815882265e-01 3.931488740245065588e-02
3.086708490902844715e-01 3.936323740539644095e-02
3.088997026490025166e-01 3.941163499082868393e-02
3.171666350274487400e-01 4.116749448190501481e-02
3.174017874992373645e-01 4.121764745289228232e-02
3.176371143168709721e-01 4.126784865617421499e-02
3.178726156096124411e-01 4.131809810771955305e-02
3.181082915068203509e-01 4.136839582342867472e-02
3.263796856898657506e-01 4.314036224355593391e-02
3.266216688663903245e-01 4.319238965473870540e-02
3.268638314531549516e-01 4.324446586317588076e-02
3.271061735831770623e-01 4.329659088202741923e-02
3.273486953895730633e-01 4.334876472437741712e-02
3.358603568808447015e-01 4.518603447790042055e-02
3.361093691802926609e-01 4.523995605414551924e-02
3.363585661014859007e-01 4.529392687915505950e-02
3.366079477813059828e-01 4.534794696301813755e-02
3.368575143567361097e-01 4.540201631574302538e-02
3.456164224366460314e-01 4.730518846539608080e-02
3.458726680408524268e-01 4.736101935926938927e-02
3.461291036296932910e-01 4.741689982993380070e-02
3.463857293440262275e-01 4.747282988415173210e-02
3.466425453248134780e-01 4.752880952859423608e-02
3.556558820077846406e-01 4.949831757217645900e-02
3.559195710296549353e-01 4.955606797904649197e-02
3.561834555548299419e-01 4.961386815738265399e-02
3.564475357282588797e-01 4.967171811036617118e-02
3.567118116949986040e-01 4.972961784108294314e-02
3.569762836002133843e-01 4.978756735252219678e-02
3.662583162742742426e-01 5.182539130708532088e-02
3.665298661123509993e-01 5.188511591197054323e-02
3.668016172818686083e-01 5.194489033941796646e-02
3.670735699320974432e-01 5.200471458868188845e-02
3.673457242124187339e-01 5.206458865891783194e-02
3.768973812032646586e-01 5.416906542916129913e-02
3.771768190161132739e-01 5.423071347370241047e-02
3.774564640086747747e-01 5.429241123637540412e-02
3.777363163345556218e-01 5.435415871237529034e-02
3.780163761474761297e-01 5.441595589679124045e-02
3.878454894973716316e-01 5.658693944384979302e-02
3.881330444147401693e-01 5.665050389121772945e-02
3.884208125299741798e-01 5.671411779132790043e-02
3.887087940011420550e-01 5.677778113510006941e-02
3.889969889864293706e-01 5.684149391334371304e-02
3.991116182426603376e-01 5.907862259460876231e-02
3.994075260500536961e-01 5.914409003757341299e-02
3.997036532482803328e-01 5.920960649899795203e-02
4.000000000000001332e-01 5.927517196533333560e-02
4.002965664679935531e-01 5.934078642291285011e-02
4.005933528151617296e-01 5.940644985795152933e-02
4.107050052914292815e-01 6.164347241767743901e-02
4.110095086234454853e-01 6.171082278718043740e-02
4.113142377191558730e-01 6.177822156485986149e-02
4.116191927459453836e-01 6.184566873252398539e-02
4.119243738713227465e-01 6.191316427186164401e-02
4.122297812629213687e-01 6.198070816443761177e-02
4.229485053762256919e-01 6.434979042121302673e-02
4.232620862371820891e-01 6.441904434509568289e-02
4.235758995920592684e-01 6.448834586174394257e-02
4.238899456132321220e-01 6.455769494805524422e-02
4.242042244732032730e-01 6.462709158080172378e-02
4.352343058901653183e-01 6.705980946809794729e-02
4.355569956422838396e-01 6.713088422694536705e-02
4.358799246418025297e-01 6.720200559402383922e-02
4.362030930661031647e-01 6.727317354132626714e-02
4.365265010926992484e-01 6.734438804071883611e-02
4.478769841146292285e-01 6.983941718116751241e-02
4.482090473528152486e-01 6.991227115134419912e-02
4.485413567880555674e-01 6.998517055411360155e-02
4.488739126028845616e-01 7.005811535648315269e-02
4.492067149799721659e-01 7.013110552533201314e-02
4.495397641021234847e-01 7.020414102740958617e-02
4.608869066268805881e-01 7.268686584691197439e-02
4.612286156319874708e-01 7.276144997102346190e-02
4.615705779856761337e-01 7.283607815854567513e-02
4.619127938757834340e-01 7.291075037145769433e-02
4.622552634902851731e-01 7.298546657160838447e-02
4.625979870172968744e-01 7.306022672071657564e-02
4.742747411323311457e-01 7.560011910439826122e-02
4.746263760944213206e-01 7.567637682423405954e-02
4.749782717643585284e-01 7.575267704377830480e-02
4.753304283354354287e-01 7.582901971997552115e-02
4.756828460010885107e-01 7.590540480964107217e-02
4.760355249548975376e-01 7.598183226946075841e-02
4.884133144597979093e-01 7.865471768695991850e-02
4.887754319887737120e-01 7.873262567677004331e-02
4.891378179975408580e-01 7.881057436058977461e-02
4.895004726851547305e-01 7.888856369023851400e-02
4.898633962508180950e-01 7.896659361740689109e-02
5.026007355607838845e-01 8.169384924490913358e-02
5.029733718731742576e-01 8.177329328867176395e-02
5.033462844641521938e-01 8.185277607214726248e-02
5.037194735385550626e-01 8.193229754224048977e-02
5.040929393013721116e-01 8.201185764572831161e-02
5.044666819577446892e-01 8.209145632926390102e-02
5.172002726126204708e-01 8.479086220092693638e-02
5.175837332578553385e-01 8.487176324655101856e-02
5.179674782070131656e-01 8.495270088988675361e-02
5.183515076708814506e-01 8.503367507304658568e-02
5.187358218604040117e-01 8.511468573802195847e-02
5.191204209866810970e-01 8.519573282668195524e-02
5.322238967519742348e-01 8.794256710401038291e-02
5.326184961550777253e-01 8.802483894853604940e-02
5.330133881205595392e-01 8.810714506673887614e-02
5.334085728653297220e-01 8.818948539611184967e-02
5.338040506064599677e-01 8.827185987402887124e-02
5.341998215611822864e-01 8.835426843774926708e-02
5.476839268528723714e-01 9.114550275329982854e-02
5.480899885722810838e-01 9.122905229484595813e-02
5.484963513524147016e-01 9.131263361141656043e-02
5.489030154164844522e-01 9.139624663609643984e-02
5.493099809878668749e-01 9.147989130186297280e-02
5.497172482901047097e-01 9.156356754158057054e-02
5.640108966206419661e-01 9.448067475146416927e-02
5.644290634194434331e-01 9.456543141907243488e-02
5.648475402538712942e-01 9.465021712650965868e-02
5.652663273537908983e-01 9.473503180261302892e-02
5.656854249492382358e-01 9.481987537611466510e-02
5.661048332704194941e-01 9.490474777564719688e-02
5.803942749172634752e-01 9.777573098528365148e-02
5.808245886176530703e-01 9.786155697237815254e-02
5.812552213595781891e-01 9.794740917666436286e-02
5.816861733795816169e-01 9.803328752314284522e-02
5.821174449143811103e-01 9.811919193671890527e-02
5.825490362008701739e-01 9.820512234220434011e-02
5.972535572895306677e-01 1.011100150102132028e-01
5.976963707344852272e-01 1.011967985514552193e-01
5.981395124884884007e-01 1.012836053453767676e-01
5.985829827949533666e-01 1.013704353134834701e-01
5.990267818974746028e-01 1.014572883772007911e-01
5.994709100398266655e-01 1.015441644578622821e-01
6.146025677904020101e-01 1.044791087437610816e-01
6.150582440722752731e-01 1.045667328511613592e-01
6.155142581999121232e-01 1.046543771188525873e-01
6.159706104237969715e-01 1.047420414652300846e-01
6.164273009945998583e-01 1.048297258086163669e-01
6.168843301631764531e-01 1.049174300672564009e-01
6.324555320336759934e-01 1.078784028338914819e-01
6.329244447919213368e-01 1.079667458644952421e-01
6.333937052096678677e-01 1.080551058505258288e-01
6.338633135446761768e-01 1.081434827076847432e-01
6.343332700548974801e-01 1.082318763516085663e-01
6.348035749984747289e-01 1.083202866978715401e-01
6.352742286337419442e-01 1.084087136619849290e-01
6.513096225860656174e-01 1.113920558524019583e-01
6.517925140719168509e-01 1.114810057821466471e-01
6.522757635813239974e-01 1.115699692800880272e-01
6.527593713797316122e-01 1.116589462596257604e-01
6.532433377327808710e-01 1.117479366341081332e-01
6.537276629063099032e-01 1.118369403168340825e-01
6.702288526913565692e-01 1.148377381838252553e-01
6.707257712003313888e-01 1.149271489290659837e-01
6.712230581327242041e-01 1.150165698619663585e-01
6.717207137616895141e-01 1.151060008941614532e-01
6.722187383605853217e-01 1.151954419372489546e-01
6.727171322029719125e-01 1.152848929027868313e-01
6.896976482496431915e-01 1.182987517964366186e-01
6.902090012384551887e-01 1.183884915793213533e-01
6.907207333526415027e-01 1.184782381103862414e-01
6.912328448732920627e-01 1.185679912999977603e-01
6.917453360817049646e-01 1.186577510584936462e-01
6.922582072593865821e-01 1.187475172961866277e-01
7.097319730282377614e-01 1.217699669988695638e-01
7.102581797893952054e-01 1.218599021266544569e-01
7.107847766887541718e-01 1.219498405235554250e-01
7.113117640155693921e-01 1.220397820991737659e-01
7.118391420593099816e-01 1.221297267630969269e-01
7.123669111096598838e-01 1.222196744249037376e-01
7.128950714565178703e-01 1.223096249941571095e-01
7.303482545096755540e-01 1.252461943103072850e-01
7.308897465152881523e-01 1.253361899327250228e-01
7.314316399918298073e-01 1.254261853254309278e-01
7.319739352369574181e-01 1.255161803977823121e-01
7.325166325485485963e-01 1.256061750591373483e-01
7.330597322247019987e-01 1.256961692188519331e-01
7.336032345637372165e-01 1.257861627862872089e-01
7.521206186172788577e-01 1.288121348941688171e-01
7.526782530056997933e-01 1.289020520465907760e-01
7.532363008332733090e-01 1.289919653804211530e-01
7.537947624065295393e-01 1.290818748053032261e-01
7.543536380322266588e-01 1.291717802309002294e-01
7.549129280173496603e-01 1.292616815668859720e-01
7.739682047070631787e-01 1.322825173764234363e-01
7.745420372490862126e-01 1.323722214629713678e-01
7.751162952398347183e-01 1.324619182536071749e-01
7.756909789947432632e-01 1.325516076587837933e-01
7.762660888294803385e-01 1.326412895889811927e-01
7.768416250599484707e-01 1.327309639547059605e-01
7.964504190813748163e-01 1.357421481686034159e-01
7.970409203006719734e-01 1.358315055466789989e-01
7.976318593271214397e-01 1.359208521923021273e-01
7.982232364853206752e-01 1.360101880172396027e-01
7.988150521001075033e-01 1.360995129333011644e-01
7.994073064965607767e-01 1.361888268523347989e-01
8.000000000000000444e-01 1.362781296862326796e-01
8.195856964111133403e-01 1.391858981126099792e-01
8.201933504991197887e-01 1.392747770820976227e-01
8.208014551116928903e-01 1.393636419427759232e-01
8.214100105828586740e-01 1.394524926082223448e-01
8.220190172468911927e-01 1.395413289920680033e-01
8.226284754383118569e-01 1.396301510079972774e-01
8.232383854918908783e-01 1.397189585697488357e-01
8.433930068571646732e-01 1.426087270649973315e-01
8.440183120700995856e-01 1.426969986060379059e-01
8.446440808944304379e-01 1.427852527408297323e-01
8.452703136738867196e-01 1.428734893852337540e-01
8.458970107524513837e-01 1.429617084551757511e-01
8.465241724743640672e-01 1.430499098666504487e-01
8.471517991841186479e-01 1.431380935357152717e-01
8.685353406927243114e-01 1.460932503425598494e-01
8.691792868385161963e-01 1.461807682163674404e-01
8.698237104163930589e-01 1.462682654018452877e-01
8.704686117803307477e-01 1.463557418176652525e-01
8.711139912845679012e-01 1.464431973825737476e-01
8.717598492836051705e-01 1.465306320153949848e-01
8.937645395181592622e-01 1.494587568210891948e-01
8.944271909999160775e-01 1.495454169735039029e-01
8.950903337821963790e-01 1.496320533536039388e-01
8.957539682292585681e-01 1.497186658832204142e-01
8.964180947056304971e-01 1.498052544842730094e-01
8.970827135761112459e-01 1.498918190787658089e-01
9.197265956535407572e-01 1.527889118900768450e-01
9.204084958235221325e-01 1.528745975591178918e-01
9.210909015653160337e-01 1.529602565013022664e-01
9.217738132537611762e-01 1.530458886420043019e-01
9.224572312639750526e-01 1.531314939066971692e-01
9.231411559713523785e-01 1.532170722209474922e-01
9.238255877515666459e-01 1.533026235104196777e-01
9.464427971247172389e-01 1.560793018671181309e-01
9.471445051184700370e-01 1.561639015615859383e-01
9.478467333698757935e-01 1.562484717181792937e-01
9.485494822646625135e-01 1.563330122661630850e-01
9.492527521888428632e-01 1.564175231349035633e-01
9.499565435287170567e-01 1.565020042538743661e-01
9.506608566708709684e-01 1.565864555526564617e-01
9.739350503317263374e-01 1.593257265994367788e-01
9.746571415265560256e-01 1.594091346144988763e-01
9.753797680914737533e-01 1.594925104367441726e-01
9.761029304234116744e-01 1.595758539996287861e-01
9.768266289195958185e-01 1.596591652367187197e-01
9.775508639775474240e-01 1.597424440816946345e-01
9.782756359950818270e-01 1.598256904683493240e-01
1.002968964498078819e+00 1.626063351167276183e-01
1.003712581906349710e+00 1.626884173075711926e-01
1.004456750644590945e+00 1.627704647555549000e-01
1.005201471121567769e+00 1.628524773987047869e-01
1.005946743746348737e+00 1.629344551751641945e-01
1.006692568928304388e+00 1.630163980231966459e-01
1.032103188789839754e+00 1.657517905192976981e-01
1.032868406783099990e+00 1.658324864215773020e-01
1.033634192121354323e+00 1.659131452739157631e-01
1.034400545225240942e+00 1.659937670190149706e-01
1.035167466515710677e+00 1.660743515996943587e-01
1.035934956414026553e+00 1.661548989588981784e-01
1.062083703500474652e+00 1.688420510702466903e-01
1.062871149532125914e+00 1.689212749880019404e-01
1.063659179388998011e+00 1.690004597325744651e-01
1.064447793503948470e+00 1.690796052515024794e-01
1.065236992310155673e+00 1.691587114924539559e-01
1.066026776241119078e+00 1.692377784032184085e-01
1.066817145730659444e+00 1.693168059317193830e-01
1.092935091658723046e+00 1.718739409499031312e-01
1.093745411408421297e+00 1.719516144016283443e-01
1.094556331942285077e+00 1.720292467464096531e-01
1.095367853705744965e+00 1.721068379367497736e-01
1.096179977144562390e+00 1.721843879252792642e-01
1.096992702704829625e+00 1.722618966647599947e-01
1.097806030832968904e+00 1.723393641080842031e-01
1.124682650380698368e+00 1.748445667700829487e-01
1.125516508283790573e+00 1.749206186737445601e-01
1.126350984422615609e+00 1.749966277300692707e-01
1.127186079255543483e+00 1.750725938966048723e-01
1.128021793241283710e+00 1.751485171310226963e-01
1.128858126838886644e+00 1.752243973911297992e-01
1.129695080507742588e+00 1.753002346348618012e-01
1.158210491405022413e+00 1.778256902409958984e-01
1.159069207391594691e+00 1.779000126394867098e-01
1.159928560044084733e+00 1.779742906084063880e-01
1.160788549834527172e+00 1.780485241105054239e-01
1.161649177235306363e+00 1.781227131086645654e-01
1.162510442719156600e+00 1.781968575658957887e-01
1.191854168755049681e+00 1.806645232038907034e-01
1.192737828708027026e+00 1.807371031448533061e-01
1.193622143820782133e+00 1.808096373124925826e-01
1.194507114579061557e+00 1.808821256746216133e-01
1.195392741468970677e+00 1.809545681991871213e-01
1.196279024976976801e+00 1.810269648542657539e-01
1.226475127034607926e+00 1.834351040813738121e-01
1.227384455525874163e+00 1.835058933223456257e-01
1.228294458207987550e+00 1.835766356411371314e-01
1.229205135580804020e+00 1.836473310105805612e-01
1.230116488144550546e+00 1.837179794036370439e-01
1.231028516399824468e+00 1.837885807933961335e-01
1.231941220847593721e+00 1.838591351530715623e-01
1.262101754282415111e+00 1.861357101991657215e-01
1.263037496931204817e+00 1.862046679830265394e-01
1.263973933354725299e+00 1.862735778881374205e-01
1.264911064067352209e+00 1.863424398922626790e-01
1.265848889583842896e+00 1.864112539732844798e-01
1.266787410419335735e+00 1.864800201092182141e-01
1.267726627089352354e+00 1.865487382782042292e-01
1.298763263152422853e+00 1.887649058568214855e-01
1.299726187236704744e+00 1.888319987845628878e-01
1.300689825248472875e+00 1.888990430652815466e-01
1.301654177717045391e+00 1.889660386815468496e-01
1.302619245172131235e+00 1.890329856160524458e-01
1.303585028143833702e+00 1.890998838516131375e-01
1.304551527162648217e+00 1.891667333711672394e-01
1.337480609952844235e+00 1.913867382941582818e-01
1.338472239704102895e+00 1.914518909146569192e-01
1.339464604665693503e+00 1.915169942901499001e-01
1.340457705382713360e+00 1.915820484079816255e-01
1.341451542400663222e+00 1.916470532556150685e-01
1.342446116265448186e+00 1.917120088206366313e-01
1.376331722455360618e+00 1.938680121894423292e-01
1.377352157049650305e+00 1.939312540639747395e-01
1.378373348210648830e+00 1.939944462894733213e-01
1.379395296499286605e+00 1.940575888577658614e-01
1.380418002476910377e+00 1.941206817607822599e-01
1.381441466705283228e+00 1.941837249905781770e-01
1.416311381369280031e+00 1.962752097977079335e-01
1.417361457529158875e+00 1.963365285255216086e-01
1.418412312232482764e+00 1.963977973694698564e-01
1.419463946056475523e+00 1.964590163256443589e-01
1.420516359578790633e+00 1.965201853902504292e-01
1.421569553377508344e+00 1.965813045596036812e-01
1.422623528031138340e+00 1.966423738301172619e-01
1.457452368690294264e+00 1.986079731829724360e-01
1.458532947443422323e+00 1.986673627484974725e-01
1.459614327355110541e+00 1.987267023563328294e-01
1.460696509019351330e+00 1.987859920066296637e-01
1.461779493030576749e+00 1.988452316996348890e-01
1.462863279983659837e+00 1.989044214356995577e-01
1.463947870473914836e+00 1.989635612152811373e-01
1.499788418664911971e+00 2.008661849950576783e-01
1.500900386050064039e+00 2.009236454388903248e-01
1.502013177865816118e+00 2.009810560033725435e-01
1.503126794723414150e+00 2.010384166924652216e-01
1.504241237234557937e+00 2.010957275102313868e-01
1.505356506011399587e+00 2.011529884608249941e-01
1.506472601666546396e+00 2.012101995485006956e-01
1.544498513245012639e+00 2.031054923616858743e-01
1.545643629417248199e+00 2.031609797696734276e-01
1.546789594597130169e+00 2.032164175269448314e-01
1.547936409414126802e+00 2.032718056411229046e-01
1.549084074498172647e+00 2.033271441199156482e-01
1.550232590479669659e+00 2.033824329711192147e-01
1.589363078048061650e+00 2.052132323368018874e-01
1.590541457534101477e+00 2.052668077979465100e-01
1.591720710689746854e+00 2.053203339657594384e-01
1.592900838162749855e+00 2.053738108511675986e-01
1.594081840601343947e+00 2.054272384651764649e-01
1.595263718654243101e+00 2.054806168188663129e-01
1.635530867915885311e+00 2.072473926335447469e-01
1.636743476947865483e+00 2.072990722960308396e-01
1.637956985027789525e+00 2.073507031452131999e-01
1.639171392822226681e+00 2.074022851950594049e-01
1.640386700998239577e+00 2.074538184596020907e-01
1.641602910223385781e+00 2.075053029529568549e-01
1.642820021165716904e+00 2.075567386893024113e-01
1.683039738906530136e+00 2.092086839588040703e-01
1.684287571783680271e+00 2.092584885170849229e-01
1.685536329824303126e+00 2.093082448545124652e-01
1.686786013714329568e+00 2.093579529878282774e-01
1.688036624140199615e+00 2.094076129338305892e-01
1.689288161788861098e+00 2.094572247093959561e-01
1.690540627347773217e+00 2.095067883314593593e-01
1.731928646720130915e+00 2.110979852223755504e-01
1.733212726624066891e+00 2.111459395214333179e-01
1.734497758565607173e+00 2.111938462942594685e-01
1.735783743250608246e+00 2.112417055601091831e-01
1.737070681385448623e+00 2.112895173382818015e-01
1.738358573677032393e+00 2.113372816481465521e-01
1.739647420832786118e+00 2.113849985091275363e-01
1.783559058474992964e+00 2.129624608891843296e-01
1.784881418001067255e+00 2.130085467899309748e-01
1.786204757945876631e+00 2.130545859725596902e-01
1.787529079036318969e+00 2.131005784586224860e-01
1.788854381999832377e+00 2.131465242697122286e-01
1.790180667564392758e+00 2.131924234274881202e-01
1.835367849660486828e+00 2.147092255375355474e-01
1.836728621062093447e+00 2.147535226137557429e-01
1.838090401361620607e+00 2.147977738424458327e-01
1.839453191307081736e+00 2.148419792471367162e-01
1.840816991647044487e+00 2.148861388514104187e-01
1.842181803130632289e+00 2.149302526788873235e-01
1.888681581672778220e+00 2.163875287803451175e-01
1.890081880737380482e+00 2.164300720522678301e-01
1.891483218006352107e+00 2.164725704192093647e-01
1.892885594249434478e+00 2.165150239064293214e-01
1.894289010236940296e+00 2.165574325392378985e-01
1.895693466739751809e+00 2.165997963429836803e-01
1.897098964529324361e+00 2.166421153430559965e-01
1.943543970005710220e+00 2.179987737510296342e-01
1.944984944932146353e+00 2.180396008400525554e-01
1.946426988220693932e+00 2.180803840291450912e-01
1.947870100663453119e+00 2.181211233450675857e-01
1.949314283053112495e+00 2.181618188146148829e-01
1.950759536182947729e+00 2.182024704646213786e-01
1.952205860846823571e+00 2.182430783219612147e-01
2.000000000000000000e+00 2.195444572928889615e-01
2.001482832339967377e+00 2.195836080633992160e-01
2.002966764075808648e+00 2.196227159924646344e-01
2.004451796022634458e+00 2.196617811081132132e-01
2.005937928996158082e+00 2.197008034384063946e-01
2.007425163812698976e+00 2.197397830114218298e-01
2.008913501289181891e+00 2.197787198552866861e-01
2.059621869356613733e+00 2.210636726210937764e-01
2.061148906314607121e+00 2.211011470994989070e-01
2.062677075442492569e+00 2.211385798688038085e-01
2.064206377579679952e+00 2.211759709581104516e-01
2.065736813566200425e+00 2.212133203965413741e-01
2.067268384242708645e+00 2.212506282132508106e-01
2.119449728066160610e+00 2.224814403134569851e-01
2.121021122366015810e+00 2.225173247168130974e-01
2.122593681723015102e+00 2.225531685517686264e-01
2.124167407000949304e+00 2.225889718482609858e-01
2.125742299064251828e+00 2.226247346362527912e-01
2.127318358777996021e+00 2.226604569457120431e-01
2.181015465330515823e+00 2.238386116156036443e-01
2.182632505463495853e+00 2.238729505787776519e-01
2.184250744496178509e+00 2.239072501429418272e-01
2.185870183317446536e+00 2.239415103386802885e-01
2.187490822816843039e+00 2.239757311965874520e-01
2.189112663884570154e+00 2.240099127472698626e-01
2.190735707411489486e+00 2.240440550213620707e-01
2.244369563014422475e+00 2.251369301764818143e-01
2.246033574899860774e+00 2.251697693058500593e-01
2.247698820510617423e+00 2.252025702270963325e-01
2.249365300761397179e+00 2.252353329712790120e-01
2.251033016567581591e+00 2.252680575694401277e-01
2.252701968845231217e+00 2.253007440526577643e-01
2.254372158511086965e+00 2.253333924520089515e-01
2.311276317451425477e+00 2.264095576777693242e-01
2.312989935086484206e+00 2.264409062808440953e-01
2.314704823225366415e+00 2.264722179128642598e-01
2.316420982810044826e+00 2.265034926051940345e-01
2.318138414783189383e+00 2.265347303891807884e-01
2.319857120088169911e+00 2.265659312962055028e-01
2.378414230005442498e+00 2.275941146779005553e-01
2.380177624774487910e+00 2.276240577370230445e-01
2.381942326952928735e+00 2.276539650396436354e-01
2.383708337510099806e+00 2.276838366172670436e-01
2.385475657416054496e+00 2.277136725013923779e-01
2.387244287641564711e+00 2.277434727235186362e-01
2.447502363425773098e+00 2.287252523142634386e-01
2.449316981254090031e+00 2.287538368258604793e-01
2.451132944469407438e+00 2.287823867984246085e-01
2.452950254069216740e+00 2.288109022634604028e-01
2.454768911051748326e+00 2.288393832524755755e-01
2.456588916415975543e+00 2.288678297969597153e-01
2.518597367692774647e+00 2.298047872134783565e-01
2.520464696506860225e+00 2.298320601887788861e-01
2.522333409788723557e+00 2.298592998403219956e-01
2.524203508564830667e+00 2.298865061994888881e-01
2.526074993862410079e+00 2.299136792976460286e-01
2.527947866709450597e+00 2.299408191661826417e-01
2.529822128134703529e+00 2.299679258364633050e-01
2.593679109302019725e+00 2.308605412528084710e-01
2.595602104933405485e+00 2.308865174146157717e-01
2.597526526304846151e+00 2.309124614922743457e-01
2.599452374473409488e+00 2.309383735169388552e-01
2.601379650496946194e+00 2.309642535197252433e-01
2.603308355434090782e+00 2.309901015317780693e-01
2.669020253032299728e+00 2.318410833465592291e-01
2.670999107805910988e+00 2.318658425036334292e-01
2.672979429734450463e+00 2.318905707737704824e-01
2.674961219905688470e+00 2.319152681877497402e-01
2.676944479408206234e+00 2.319399347763951291e-01
2.678929209331387451e+00 2.319645705704704852e-01
2.746549904939334485e+00 2.327754735331882541e-01
2.748586241450523548e+00 2.327990616738964680e-01
2.750624087734529155e+00 2.328226201101590009e-01
2.752663444910721680e+00 2.328461488723580497e-01
2.754704314099301499e+00 2.328696479908555217e-01
2.756746696421297660e+00 2.328931174960219563e-01
2.826331636768953270e+00 2.336654771310110734e-01
2.828427124746190291e+00 2.336879396140870979e-01
2.830524166352097915e+00 2.337103735573044794e-01
2.832622762738560507e+00 2.337327789905450370e-01
2.834722915058318193e+00 2.337551559436674420e-01
2.836824624464965527e+00 2.337775044465376928e-01
2.910587224571905107e+00 2.345342143270874868e-01
2.912745181004350759e+00 2.345555683691577520e-01
2.914904737380588973e+00 2.345768950445527024e-01
2.917065894886844646e+00 2.345981943825746763e-01
2.919228654710221083e+00 2.346194664124781060e-01
2.921393018038701772e+00 2.346407111635502307e-01
2.995133909487373014e+00 2.353395929404065445e-01
2.997354550199132994e+00 2.353599108237452997e-01
2.999576837329824386e+00 2.353802024605219367e-01
3.001800772100128523e+00 2.354004678794037742e-01
3.004026355731632680e+00 2.354207071090303749e-01
3.006253589446828745e+00 2.354409201780531535e-01
3.082136504972998292e+00 2.361057480977196421e-01
3.084421650815881932e+00 2.361250726292406232e-01
3.086708490902844382e+00 2.361443720090717346e-01
3.088997026490025277e+00 2.361636462652145496e-01
3.091287258834496399e+00 2.361828954256314783e-01
3.093579189194260337e+00 2.362021195182775479e-01
3.171666350274486845e+00 2.368343148931418840e-01
3.174017874992373756e+00 2.368526878717414630e-01
3.176371143168710276e+00 2.368710367666030103e-01
3.178726156096124633e+00 2.368893616049858042e-01
3.181082915068203842e+00 2.369076624141534249e-01
3.183441421379493708e+00 2.369259392213425020e-01
3.266216688663903245e+00 2.375443504658455718e-01
3.268638314531549849e+00 2.375617895783232458e-01
3.271061735831771067e+00 2.375792056731884649e-01
3.273486953895730966e+00 2.375965987769410315e-01
3.275913970055579494e+00 2.376139689160735313e-01
3.361093691802926831e+00 2.382016120692663774e-01
3.363585661014858896e+00 2.382181809844186038e-01
3.366079477813060272e+00 2.382347278913591604e-01
3.368575143567360541e+00 2.382512528158011456e-01
3.371072659648606695e+00 2.382677557834683435e-01
3.373572027428658249e+00 2.382842368200372429e-01
3.458726680408524157e+00 2.388259804232935879e-01
3.461291036296932688e+00 2.388417175710316753e-01
3.463857293440262275e+00 2.388574336896282790e-01
3.466425453248134669e+00 2.388731288040223943e-01
3.468995517131215234e+00 2.388888029391277312e-01
3.471567486501216493e+00 2.389044561198347127e-01
3.559195710296548576e+00 2.394189180818888374e-01
3.561834555548299086e+00 2.394338607088743465e-01
3.564475357282589130e+00 2.394487832548904127e-01
3.567118116949986373e+00 2.394636857440619326e-01
3.569762836002134510e+00 2.394785682004735294e-01
3.572409515891753262e+00 2.394934306482436048e-01
3.665298661123509660e+00 2.399960256435778594e-01
3.668016172818686194e+00 2.400101906297311127e-01
3.670735699320974987e+00 2.400243364750797581e-01
3.673457242124187339e+00 2.400384632029027576e-01
3.676180802723241214e+00 2.400525708364640021e-01
3.771768190161132850e+00 2.405295809032284016e-01
3.774564640086748302e+00 2.405430231277923270e-01
3.777363163345556885e+00 2.405564470960732670e-01
3.780163761474760964e+00 2.405698528305271477e-01
3.782966436012705103e+00 2.405832403536060926e-01
3.881330444147401693e+00 2.410358479902129925e-01
3.884208125299741798e+00 2.410486010325653405e-01
3.887087940011420439e+00 2.410613366715892436e-01
3.889969889864293595e+00 2.410740549289214774e-01
3.892853976441388308e+00 2.410867558262020649e-01
3.895740201326905350e+00 2.410994393850721118e-01
3.994075260500536295e+00 2.415161013266511891e-01
3.997036532482803217e+00 2.415281975488924038e-01
4.000000000000001776e+00 2.415402771893224443e-01
4.002965664679935642e+00 2.415523402687845822e-01
4.005933528151618184e+00 2.415643868081255030e-01
4.008903592045268915e+00 2.415764168281102908e-01
4.113142377191558730e+00 2.419830389779634994e-01
4.116191927459453836e+00 2.419944937406131313e-01
4.119243738713227465e+00 2.420059327318263287e-01
4.122297812629213354e+00 2.420173559716471967e-01
4.125354150884985138e+00 2.420287634800758758e-01
4.232620862371820891e+00 2.424143050886547746e-01
4.235758995920592795e+00 2.424251648964267924e-01
4.238899456132322108e+00 2.424360096915105511e-01
4.242042244732032508e+00 2.424468394931506565e-01
4.245187363446030204e+00 2.424576543205264889e-01
4.355569956422838729e+00 2.428231296600616429e-01
4.358799246418024964e+00 2.428334232541005666e-01
4.362030930661031647e+00 2.428437025638397473e-01
4.365265010926992595e+00 2.428539676077266507e-01
4.368501488992357018e+00 2.428642184041939767e-01
4.482090473528151264e+00 2.432106011717848626e-01
4.485413567880555341e+00 2.432203561310603279e-01
4.488739126028845838e+00 2.432300975046070846e-01
4.492067149799722436e+00 2.432398253101746011e-01
4.495397641021235735e+00 2.432495395653892223e-01
4.498730601522793471e+00 2.432592402879243387e-01
4.615705779856761559e+00 2.435870063845697597e-01
4.619127938757834784e+00 2.435962362322712516e-01
4.622552634902851842e+00 2.436054531806075563e-01
4.625979870172968411e+00 2.436146572465793247e-01
4.629409646450733717e+00 2.436238484470427956e-01
4.749782717643585173e+00 2.439343733377762891e-01
4.753304283354354176e+00 2.439431169562033541e-01
4.756828460010885884e+00 2.439518483155218298e-01
4.760355249548975820e+00 2.439605674319042239e-01
4.763884653905858357e+00 2.439692743215582660e-01
4.887754319887736898e+00 2.442634137941158967e-01
4.891378179975408358e+00 2.442716953934714885e-01
4.895004726851547083e+00 2.442799653461895926e-01
4.898633962508180950e+00 2.442882236677458574e-01
4.902265888938814875e+00 2.442964703736526244e-01
5.029733718731741021e+00 2.445750431239688549e-01
5.033462844641522160e+00 2.445828858570412156e-01
5.037194735385551070e+00 2.445907175289807334e-01
5.040929393013722226e+00 2.445985381545792148e-01
5.044666819577448003e+00 2.446063477486062343e-01
5.179674782070131656e+00 2.448775624016553965e-01
5.183515076708815172e+00 2.448849778922346232e-01
5.187358218604040339e+00 2.448923828951304060e-01
5.191204209866810970e+00 2.448997774244229264e-01
5.195053052609690525e+00 2.449071614942622821e-01
5.330133881205594726e+00 2.451565600139341550e-01
5.334085728653297664e+00 2.451635804274921171e-01
5.338040506064600343e+00 2.451705908866484707e-01
5.341998215611822864e+00 2.451775914049262317e-01
5.345958859468901814e+00 2.451845819957792494e-01
5.484963513524147238e+00 2.454206758351319961e-01
5.489030154164844078e+00 2.454273213128518594e-01
5.493099809878668971e+00 2.454339573450432244e-01
5.497172482901047097e+00 2.454405839445465976e-01
5.501248175469059198e+00 2.454472011241901619e-01
5.644290634194432776e+00 2.456706704060531155e-01
5.648475402538712054e+00 2.456769601585447049e-01
5.652663273537909205e+00 2.456832409506534143e-01
5.656854249492382358e+00 2.456895127946364665e-01
5.661048332704195829e+00 2.456957757027289357e-01
5.812552213595782113e+00 2.459132212652054006e-01
5.816861733795817280e+00 2.459191651069919660e-01
5.821174449143811103e+00 2.459251004624185277e-01
5.825490362008702405e+00 2.459310273431593585e-01
5.981395124884883785e+00 2.461367948871632794e-01
5.985829827949534554e+00 2.461424192039025349e-01
5.990267818974746916e+00 2.461480354741331644e-01
5.994709100398265988e+00 2.461536437089397455e-01
5.999153674659647884e+00 2.461592439194107418e-01
6.155142581999121454e+00 2.463483384935333254e-01
6.159706104237970159e+00 2.463536598785567300e-01
6.164273009945998361e+00 2.463589736358538784e-01
6.168843301631765641e+00 2.463642797759485192e-01
6.173416981805689652e+00 2.463695783093648173e-01
6.333937052096676901e+00 2.465484780208765658e-01
6.338633135446761102e+00 2.465535122680057867e-01
6.343332700548974579e+00 2.465585392858340441e-01
6.348035749984748399e+00 2.465635590843564540e-01
6.352742286337420552e+00 2.465685716737007760e-01
6.522757635813240640e+00 2.467425712477633037e-01
6.527593713797316788e+00 2.467473265326232401e-01
6.532433377327808266e+00 2.467520749767613264e-01
6.537276629063099698e+00 2.467568165896309174e-01
6.712230581327242263e+00 2.469214026529816808e-01
6.717207137616895807e+00 2.469259004757162757e-01
6.722187383605853661e+00 2.469303918175826951e-01
6.727171322029718681e+00 2.469348766877142165e-01
6.907207333526415027e+00 2.470905444769579407e-01
6.912328448732920627e+00 2.470947984035168632e-01
6.917453360817049202e+00 2.470990461912618841e-01
6.922582072593866265e+00 2.471032878487951778e-01
6.927714586880523662e+00 2.471075233847707664e-01
7.107847766887540608e+00 2.472505080452173931e-01
7.113117640155692811e+00 2.472545309666202840e-01
7.118391420593099816e+00 2.472585480741840980e-01
7.123669111096599948e+00 2.472625593760289786e-01
7.128950714565179148e+00 2.472665648804672489e-01
7.319739352369573737e+00 2.474055833233296253e-01
7.325166325485485963e+00 2.474093819797230365e-01
7.330597322247020209e+00 2.474131751386969003e-01
7.336032345637372387e+00 2.474169628079872785e-01
7.532363008332732868e+00 2.475484162551823963e-01
7.537947624065295393e+00 2.475520080731012929e-01
7.543536380322267476e+00 2.475555946862024737e-01
7.549129280173496603e+00 2.475591761018727521e-01
7.751162952398347628e+00 2.476834672513987534e-01
7.756909789947433076e+00 2.476868632547291338e-01
7.762660888294803385e+00 2.476902543309823790e-01
7.768416250599485373e+00 2.476936404872119579e-01
7.976318593271212620e+00 2.478111515605101178e-01
7.982232364853206086e+00 2.478143622110794697e-01
7.988150521001075255e+00 2.478175681981425460e-01
7.994073064965608211e+00 2.478207695283761725e-01
8.000000000000001776e+00 2.478239662084149308e-01
8.214100105828586962e+00 2.479348984318327787e-01
8.220190172468912593e+00 2.479379292419908731e-01
8.226284754383119235e+00 2.479409556449637675e-01
8.232383854918909449e+00 2.479439776470604706e-01
8.452703136738866974e+00 2.480488451929140636e-01
8.458970107524514503e+00 2.480517102279003461e-01
8.465241724743641782e+00 2.480545710924436376e-01
8.471517991841185591e+00 2.480574277926571036e-01
8.698237104163929700e+00 2.481565565047538224e-01
8.704686117803307255e+00 2.481592646799478385e-01
8.711139912845679234e+00 2.481619689092993408e-01
8.717598492836051705e+00 2.481646691984144559e-01
8.950903337821962680e+00 2.482583680263437953e-01
8.957539682292585681e+00 2.482609277941082160e-01
8.964180947056306081e+00 2.482634838287296475e-01
8.970827135761114235e+00 2.482660361357494627e-01
9.217738132537611762e+00 2.483570173163802408e-01
9.224572312639750749e+00 2.483594331566449653e-01
9.231411559713524895e+00 2.483618454705890655e-01
9.238255877515666015e+00 2.483642542633791028e-01
9.485494822646625579e+00 2.484478343874486073e-01
9.492527521888430186e+00 2.484501176145766377e-01
9.499565435287172122e+00 2.484523975062885581e-01
9.506608566708710129e+00 2.484546740674637155e-01
9.761029304234115855e+00 2.485336643527384093e-01
9.768266289195958407e+00 2.485358221497258879e-01
9.775508639775473796e+00 2.485379767921359895e-01
9.782756359950818492e+00 2.485401282845844106e-01
1.004456750644590635e+01 2.486147775395998738e-01
1.005201471121567813e+01 2.486168167108604166e-01
1.005946743746348737e+01 2.486188528987867408e-01
1.006692568928304610e+01 2.486208861077033316e-01
1.034400545225240897e+01 2.486933569923770460e-01
1.035167466515710899e+01 2.486952811611471692e-01
1.035934956414026509e+01 2.486972025127786867e-01
1.064447793503948425e+01 2.487656851457970830e-01
1.065236992310155628e+01 2.487675033893415599e-01
1.066026776241119123e+01 2.487693189693727658e-01
1.066817145730659355e+01 2.487711318893942591e-01
1.095367853705744920e+01 2.488340304608225584e-01
1.096179977144562478e+01 2.488357485492444787e-01
1.096992702704829625e+01 2.488374641190307379e-01
1.097806030832968993e+01 2.488391771740914027e-01
1.127186079255543127e+01 2.488986100158499526e-01
1.128021793241283710e+01 2.489002334111852788e-01
1.128858126838886911e+01 2.489018544254401888e-01
1.129695080507742588e+01 2.489034730620376112e-01
1.160788549834527217e+01 2.489611631712613793e-01
1.161649177235306496e+01 2.489626947926952827e-01
1.162510442719156600e+01 2.489642241665044609e-01
1.194507114579061557e+01 2.490187320431541673e-01
1.195392741468970677e+01 2.490201791580416435e-01
1.196279024976976935e+01 2.490216241480741888e-01
1.229205135580804154e+01 2.490731238227923416e-01
1.230116488144550679e+01 2.490744910547857405e-01
1.231028516399824468e+01 2.490758562782374730e-01
1.231941220847593854e+01 2.490772194961056729e-01
1.264911064067351987e+01 2.491245124257523424e-01
1.265848889583842762e+01 2.491258041498249642e-01
1.266787410419335913e+01 2.491270939755404201e-01
1.267726627089352576e+01 2.491283819056260840e-01
1.302619245172131279e+01 2.491742827565950058e-01
1.303585028143833924e+01 2.491755013174785371e-01
1.304551527162648128e+01 2.491767180869330078e-01
1.340457705382713449e+01 2.492200823204092364e-01
1.341451542400663222e+01 2.492212335268274292e-01
1.342446116265448453e+01 2.492223830398543338e-01
1.379395296499286694e+01 2.492633498847105777e-01
1.380418002476910289e+01 2.492644374348421121e-01
1.381441466705283361e+01 2.492655233844505713e-01
1.419463946056475301e+01 2.493042245301290982e-01
1.420516359578790500e+01 2.493052519217854035e-01
1.421569553377508477e+01 2.493062778012080649e-01
1.422623528031138562e+01 2.493073021703486880e-01
1.461779493030576660e+01 2.493438083365464575e-01
1.462863279983660014e+01 2.493447774485386403e-01
1.463947870473914925e+01 2.493457451336785202e-01
1.504241237234557893e+01 2.493802308925804068e-01
1.505356506011399631e+01 2.493811463616404100e-01
1.506472601666546574e+01 2.493820604821478937e-01
1.547936409414126757e+01 2.494146370493630915e-01
1.549084074498172647e+01 2.494155018289188619e-01
1.550232590479669526e+01 2.494163653339929176e-01
1.592900838162749544e+01 2.494471378681715756e-01
1.594081840601343814e+01 2.494479547509612649e-01
1.595263718654243235e+01 2.494487704297947694e-01
1.640386700998239533e+01 2.494786099813825764e-01
1.641602910223386047e+01 2.494793804703511753e-01
1.642820021165717037e+01 2.494801498232903370e-01
1.688036624140199393e+01 2.495075666500301548e-01
1.689288161788861231e+01 2.495082944415563941e-01
1.690540627347773395e+01 2.495090211597213725e-01
1.737070681385448623e+01 2.495349184684937660e-01
1.738358573677032126e+01 2.495356059189080267e-01
1.739647420832785940e+01 2.495362923551301682e-01
1.787529079036318791e+01 2.495607540219600406e-01
1.788854381999832199e+01 2.495614033586705249e-01
1.790180667564392891e+01 2.495620517373460523e-01
1.840816991647044532e+01 2.495857703733689592e-01
1.842181803130632289e+01 2.495863827964835413e-01
1.894289010236940385e+01 2.496087859921903296e-01
1.895693466739751898e+01 2.496093644467380079e-01
1.897098964529324405e+01 2.496099420472975006e-01
1.949314283053112362e+01 2.496305249087421019e-01
1.950759536182947684e+01 2.496310712726904080e-01
1.952205860846823526e+01 2.496316168299740068e-01
2.005937928996157638e+01 2.496510577165445277e-01
2.007425163812699154e+01 2.496515737643787980e-01
2.008913501289181980e+01 2.496520890503971801e-01
2.065736813566200425e+01 2.496709385385673385e-01
2.067268384242709089e+01 2.496714252278866009e-01
2.125742299064252094e+01 2.496892285486842222e-01
2.127318358777996465e+01 2.496896882238765769e-01
2.187490822816842950e+01 2.497065032839825838e-01
2.189112663884570154e+01 2.497069374408008302e-01
2.190735707411489130e+01 2.497073709563425725e-01
2.251033016567581058e+01 2.497228189591679526e-01
2.252701968845231306e+01 2.497232290107115893e-01
2.254372158511086965e+01 2.497236384562992462e-01
2.318138414783189205e+01 2.497386159730593802e-01
2.319857120088169822e+01 2.497390026821207643e-01
2.385475657416054673e+01 2.497531484432419513e-01
2.387244287641564711e+01 2.497535136757429997e-01
2.454768911051748503e+01 2.497668737726672361e-01
2.456588916415975277e+01 2.497672187189050597e-01
2.526074993862409457e+01 2.497798366999283148e-01
2.527947866709450508e+01 2.497801624836364365e-01
2.529822128134703974e+01 2.497804877858516015e-01
2.601379650496945928e+01 2.497923871774072324e-01
2.603308355434091226e+01 2.497926944070252009e-01
2.676944479408206234e+01 2.498039326749686151e-01
2.678929209331387540e+01 2.498042228345747073e-01
2.754704314099301499e+01 2.498148366480346383e-01
2.756746696421297926e+01 2.498151106834252122e-01
2.834722915058317483e+01 2.498251346853148647e-01
2.836824624464965439e+01 2.498253934920286468e-01
2.919228654710221349e+01 2.498351048310294975e-01
2.921393018038702394e+01 2.498353488921509491e-01
3.004026355731632947e+01 2.498442764140208494e-01
3.006253589446829011e+01 2.498445069101475069e-01
3.091287258834496399e+01 2.498529382010399591e-01
3.093579189194260692e+01 2.498531558846404377e-01
3.181082915068203221e+01 2.498611184927401752e-01
3.183441421379493264e+01 2.498613240750220676e-01
3.275913970055579938e+01 2.498690381757768808e-01
3.371072659648606873e+01 2.498763234011226464e-01
3.373572027428658515e+01 2.498765064889651999e-01
3.468995517131214967e+01 2.498832035699099230e-01
3.471567486501216848e+01 2.498833764770683197e-01
3.569762836002134065e+01 2.498897011803343227e-01
3.572409515891752818e+01 2.498898644727533813e-01
3.676180802723241214e+01 2.498959916963383598e-01
3.782966436012704747e+01 2.499017781889839307e-01
3.892853976441388397e+01 2.499072428833595261e-01
3.895740201326905350e+01 2.499073802175167391e-01
4.005933528151616940e+01 2.499124036611206912e-01
4.008903592045268738e+01 2.499125333570851870e-01
4.125354150884984961e+01 2.499173998943627906e-01
4.245187363446030560e+01 2.499219957566454764e-01
4.368501488992357196e+01 2.499263359907572535e-01
4.495397641021234847e+01 2.499304348043774326e-01
4.498730601522792938e+01 2.499305378101853159e-01
4.629409646450733362e+01 2.499344028927546757e-01
4.763884653905858357e+01 2.499380529712469101e-01
4.902265888938814697e+01 2.499414999974958751e-01
5.044666819577447114e+01 2.499447552636696879e-01
5.195053052609691235e+01 2.499479066834062735e-01
5.345958859468901636e+01 2.499508055223844671e-01
5.501248175469059021e+01 2.499535430843870254e-01
5.661048332704194763e+01 2.499561283325359984e-01
5.999153674659648061e+01 2.499609332602231448e-01
6.173416981805689829e+01 2.499631073287778005e-01
6.352742286337419131e+01 2.499651604266528437e-01
6.927714586880523484e+01 2.499707028051756652e-01
7.128950714565178259e+01 2.499723332654456009e-01
8.000000000000000000e+01 2.499780294858224006e-01
