k_over_h rate_closed_form
2.000000000000000389e-02 1.998201798040833191e-04
2.042009296526950748e-02 2.082946954888276973e-04
2.084900983551245951e-02 2.171282700590785599e-04
2.128693595374914899e-02 2.263360861473982116e-04
2.173406055606477358e-02 2.359339657431832238e-04
2.219057685338198666e-02 2.459383968878152177e-04
2.265668211495089346e-02 2.563665614663675446e-04
2.313257775359280760e-02 2.672363641353127915e-04
2.361846941273453016e-02 2.785664624350491316e-04
2.411456705527066993e-02 2.903762981305881550e-04
2.462108505429261990e-02 3.026861298292058528e-04
2.513824228572314468e-02 3.155170669246968175e-04
2.566626222289677961e-02 3.288911049218761385e-04
2.620537303312686292e-02 3.428311621879162390e-04
2.675580767630085510e-02 3.573611181950118792e-04
2.731780400554674471e-02 3.725058533014844017e-04
2.789160487001381139e-02 3.882912901371496838e-04
2.847745821981230094e-02 4.047444366497629097e-04
2.907561721315727113e-02 4.218934308751117477e-04
2.968634032576308868e-02 4.397675874978320461e-04
3.030989146253556393e-02 4.583974462657340381e-04
3.094654007161023665e-02 4.778148223293636368e-04
3.159656126078597138e-02 4.980528585735597086e-04
3.226023591640413135e-02 5.191460800187245629e-04
3.293785082472493186e-02 5.411304503597001801e-04
3.362969879585309824e-02 5.640434307262679869e-04
3.433607879026662896e-02 5.879240407370929294e-04
3.505729604800315174e-02 6.128129219315979178e-04
3.579366222055998387e-02 6.387524036630808522e-04
3.654549550556449034e-02 6.657865715347468551e-04
3.731312078427329038e-02 6.939613384677805960e-04
3.809686976195953562e-02 7.233245184882719720e-04
3.889708111124892675e-02 7.539259033259471544e-04
3.971410061846657874e-02 7.858173419129499534e-04
4.054828133305773269e-02 8.190528228811680628e-04
4.139998372014705441e-02 8.536885601477905809e-04
4.226957581630236965e-02 8.897830816914466864e-04
4.315743338857010170e-02 9.273973216133577424e-04
4.406394009685138391e-02 9.665947155830877753e-04
4.498948765968859009e-02 1.007441299769568088e-03
4.593447602353430831e-02 1.050005813358271698e-03
4.689931353557571375e-02 1.094359804754274331e-03
4.788441712018892682e-02 1.140577741571646795e-03
4.889021245910003116e-02 1.188737124515086216e-03
4.991713417533000241e-02 1.238918605245213633e-03
5.096562602100351141e-02 1.291206108336313049e-03
5.203614106910254417e-02 1.345686957417359603e-03
5.312914190924761942e-02 1.402452005596065273e-03
5.424510084759163325e-02 1.461595770257407331e-03
5.538450011091203967e-02 1.523216572329358582e-03
5.654783205499015752e-02 1.587416680098761076e-03
5.773559937736733039e-02 1.654302457664355271e-03
5.894831533456985212e-02 1.723984518097764363e-03
6.018650396389691598e-02 1.796577881391682452e-03
6.145070030986686527e-02 1.872202137247595127e-03
6.274145065541981980e-02 1.950981612771111049e-03
6.405931275797713265e-02 2.033045545110052400e-03
6.540485609045840198e-02 2.118528259078076431e-03
6.677866208736170373e-02 2.207569349786036444e-03
6.818132439601223838e-02 2.300313870289581730e-03
6.961344913308835369e-02 2.396912524251516505e-03
7.107565514653624295e-02 2.497521863597444367e-03
7.256857428298529866e-02 2.602304491125436055e-03
7.409285166078127816e-02 2.711429268009316138e-03
7.564914594875388199e-02 2.825071526118119302e-03
7.723812965083973192e-02 2.943413285040686993e-03
7.886048939668435787e-02 3.066643473685766799e-03
8.051692623834723339e-02 3.194958156293334524e-03
8.220815595323990865e-02 3.328560762664486191e-03
8.393490935342667880e-02 3.467662322376647774e-03
8.569793260142208324e-02 3.612481702721234787e-03
8.749798753262197359e-02 3.763245850049371736e-03
8.933585198450663678e-02 3.920190034174873481e-03
9.121232013275909489e-02 4.083558095430912457e-03
9.312820283444325775e-02 4.253602693925201579e-03
9.508432797839032335e-02 4.430585560483352343e-03
9.708154084294533248e-02 4.614777748710863735e-03
9.912070446122760170e-02 4.806459887532330520e-03
1.012026999940636024e-01 5.005922433510090128e-03
1.033284271107529212e-01 5.213465922157115885e-03
1.054988043778324613e-01 5.429401217389385505e-03
1.077147696560060153e-01 5.654049758177535911e-03
1.099772805054117231e-01 5.887743801364286531e-03
1.122873145994014443e-01 6.130826659527697890e-03
1.146458701470120661e-01 6.383652932664130898e-03
1.170539663243101575e-01 6.646588732369510671e-03
1.195126437147969733e-01 6.920011897077189660e-03
1.220229647590643507e-01 7.204312196804684570e-03
1.245860142138949384e-01 7.499891525742271615e-03
1.272028996210061713e-01 7.807164080885528427e-03
1.298747517856395639e-01 8.126556524793573238e-03
1.326027252652030863e-01 8.458508130417362672e-03
1.353879988681769564e-01 8.803470905805792224e-03
1.382317761634987985e-01 9.161909696363096725e-03
1.411352860006485910e-01 9.534302262182027532e-03
1.440997830406571811e-01 9.921139327839469807e-03
1.471265482982692940e-01 1.032292460189378376e-02
1.502168896954936828e-01 1.074017476317861396e-02
1.533721426267808108e-01 1.117341941084797237e-02
1.565936705360719550e-01 1.162320097498266772e-02
1.598828655059686688e-01 1.209007458443700153e-02
1.632411488592781235e-01 1.257460788846908456e-02
1.666699717731928709e-01 1.307738082858354682e-02
1.701708159063721471e-01 1.359898535689247137e-02
1.737451940391941396e-01 1.414002509721046588e-02
1.773946507274566653e-01 1.470111494500623596e-02
1.811207629698090016e-01 1.528288060226833285e-02
1.849251408892021165e-01 1.588595804329249669e-02
1.888094284286534752e-01 1.651099290737103459e-02
1.927753040616251579e-01 1.715863981436819424e-02
1.968244815173240958e-01 1.782956159919232147e-02
2.009587105212363722e-01 1.852442846123714820e-02
2.051797775512166078e-01 1.924391702496874856e-02
2.094895066094580038e-01 1.998870930796889031e-02
2.138897600106786645e-01 2.075949159292914473e-02
2.183824391868620929e-01 2.155695320032310555e-02
2.229694855089019156e-01 2.238178515876032212e-02
2.276528811255045803e-01 2.323467877036603998e-02
2.324346498197125688e-01 2.411632406891895883e-02
2.373168578834196629e-01 2.502740816893359033e-02
2.423016150102540456e-01 2.596861350439058289e-02
2.473910752072165653e-01 2.694061595639843723e-02
2.525874377254671010e-01 2.794408286971694286e-02
2.578929480106630368e-01 2.897967095878491162e-02
2.633098986732577140e-01 3.004802410468361898e-02
2.688406304791808310e-01 3.114977104530700092e-02
2.744875333613270851e-01 3.228552296193040738e-02
2.802530474522907378e-01 3.345587096634469737e-02
2.861396641387931594e-01 3.466138349375265382e-02
2.921499271382574370e-01 3.590260360772219717e-02
2.982864335979965031e-01 3.718004622461614644e-02
3.045518352174890198e-01 3.849419526610441816e-02
3.109488393942282936e-01 3.984550074956149518e-02
3.174802103936399389e-01 4.123437582738603835e-02
3.241487705435724398e-01 4.266119378750932861e-02
3.309574014538781417e-01 4.412628502859548829e-02
3.379090452616108076e-01 4.562993402464431830e-02
3.450067059023776972e-01 4.717237629488751222e-02
3.522534504083974505e-01 4.875379539600397522e-02
3.596524102338213291e-01 5.037431995472507057e-02
3.672067826078940778e-01 5.203402075989808917e-02
3.749198319165353288e-01 5.373290793392502401e-02
3.827948911129434584e-01 5.547092820426147847e-02
3.908353631578261322e-01 5.724796229626184785e-02
3.990447224898839296e-01 5.906382246910733824e-02
4.074265165271802602e-01 6.091825021683431457e-02
4.159843672000466674e-01 6.281091415656245291e-02
4.247219725161879844e-01 6.474140812590549465e-02
4.336431081586599734e-01 6.670924951120518753e-02
4.427516291174127816e-01 6.871387782766874563e-02
4.520514713551049280e-01 7.075465357168947422e-02
4.615466535079054133e-01 7.283085736457731163e-02
4.712412786220230299e-01 7.494168940566395265e-02
4.811395359267089944e-01 7.708626925119164974e-02
4.912457026445012365e-01 7.926363593366293758e-02
5.015641458394930474e-01 8.147274843431553948e-02
5.120993243044220655e-01 8.371248651919042938e-02
5.228557904873997186e-01 8.598165194686074875e-02
5.338381924591089067e-01 8.827897005328583235e-02
5.450512759213221869e-01 9.060309171653174731e-02
5.564998862576080452e-01 9.295259570119869530e-02
5.681889706271130436e-01 9.532599137944113010e-02
5.801235801023216787e-01 9.772172182239041716e-02
5.923088718517189877e-01 1.001381672527217187e-01
6.047501113683005913e-01 1.025736488459950690e-01
6.174526747448891850e-01 1.050264328653558038e-01
6.304220509972475739e-01 1.074947351111900096e-01
6.436638444359834565e-01 1.099767256644392927e-01
6.571837770882775764e-01 1.124705338995680148e-01
6.709876911704794056e-01 1.149742537406015924e-01
6.850815516126367299e-01 1.174859491313279825e-01
6.994714486360560368e-01 1.200036596886752960e-01
7.141636003849999303e-01 1.225254065064341202e-01
7.291643556136639948e-01 1.250491980750205456e-01
7.444801964295929553e-01 1.275730362817522334e-01
7.601177410947195234e-01 1.300949224552881145e-01
7.760837468852415100e-01 1.326128634173775744e-01
7.923851130115660002e-01 1.351248775049297413e-01
8.090288835995884664e-01 1.376290005256656235e-01
8.260222507345899023e-01 1.401232916111977700e-01
8.433725575690742549e-01 1.426058389323396625e-01
8.610873014958801974e-01 1.450747652427585577e-01
8.791741373879462529e-01 1.475282332186887702e-01
8.976408809061248162e-01 1.499644505643798198e-01
9.164955118764741560e-01 1.523816748551372890e-01
9.357461777384932233e-01 1.547782180923042705e-01
9.554011970657816377e-01 1.571524509471773356e-01
9.754690631606516282e-01 1.595028066737448902e-01
9.959584477242434675e-01 1.618277846731031033e-01
1.016878204603728131e+00 1.641259536955490261e-01
1.038237373618223547e+00 1.663959546694883107e-01
1.060045184465068679e+00 1.686365031495329625e-01
1.082311060708148309e+00 1.708463913793011324e-01
1.105044623849992469e+00 1.730244899676218751e-01
1.128255697489405796e+00 1.751697491798353268e-01
1.151954311566432798e+00 1.772811998488540985e-01
1.176150706696479586e+00 1.793579539133821898e-01
1.200855338595477662e+00 1.813992045933159325e-01
1.226078882597992248e+00 1.834042262147194957e-01
1.251832238270237818e+00 1.853723736989476567e-01
1.278126534119983226e+00 1.873030817324042863e-01
1.304973132405388148e+00 1.891958636351450951e-01
1.332383634044849607e+00 1.910503099478947919e-01
1.360369883629972687e+00 1.928660867582737970e-01
1.388943974543844995e+00 1.946429337879147792e-01
1.418118254186812033e+00 1.963806622627710663e-01
1.447905329312019651e+00 1.980791525893753624e-01
1.478318071473030626e+00 1.997383518599293306e-01
1.509369622585860826e+00 2.013582712090839222e-01
1.541073400607851251e+00 2.029389830449588594e-01
1.573443105335816883e+00 2.044806181765512210e-01
1.606492724325986998e+00 2.059833628590178323e-01
1.640236538938286470e+00 2.074474557775315975e-01
1.674689130507585277e+00 2.088731849895297532e-01
1.709865386644562335e+00 2.102608848441276934e-01
1.745780507668922565e+00 2.116109328963438341e-01
1.782450013177740544e+00 2.129237468326162230e-01
1.819889748751766012e+00 2.141997814228268626e-01
1.858115892802601143e+00 2.154395255128005449e-01
1.897144963563693221e+00 2.166434990698882512e-01
1.936993826228172288e+00 2.178122502930303905e-01
1.977679700236619098e+00 2.189463527973307400e-01
2.019220166717903719e+00 2.200464028819276718e-01
2.061633176086330010e+00 2.211130168887560643e-01
2.104937055798336232e+00 2.221468286585378538e-01
2.149150518272134214e+00 2.231484870892728734e-01
2.194292668973707006e+00 2.241186538013451024e-01
2.240383014672621353e+00 2.250580009124523440e-01
2.287441471871284993e+00 2.259672089245147730e-01
2.335488375411229001e+00 2.268469647238847975e-01
2.384544487260175760e+00 2.276979596954407381e-01
2.434631005483686383e+00 2.285208879502606538e-01
2.485769573405220978e+00 2.293164446660976574e-01
2.537982288958648081e+00 2.300853245391084601e-01
2.591291714237155652e+00 2.308282203449310011e-01
2.645720885242763831e+00 2.315458216066112462e-01
2.701293321840619654e+00 2.322388133665582721e-01
2.758033037922355213e+00 2.329078750594117952e-01
2.815964551782960346e+00 2.335536794822621331e-01
2.875112896715577460e+00 2.341768918587001092e-01
2.935503631828868532e+00 2.347781689927303794e-01
2.997162853091589696e+00 2.353581585086343408e-01
3.060117204609134056e+00 2.359174981727026887e-01
3.124393890136956564e+00 2.364568152927185307e-01
3.190020684835836118e+00 2.369767261910452893e-01
3.257025947274021949e+00 2.374778357471825918e-01
3.325438631681526758e+00 2.379607370057156002e-01
3.395288300461771769e+00 2.384260108456329741e-01
3.466605136966062428e+00 2.388742257069716157e-01
3.539419958536393018e+00 2.393059373710521298e-01
3.613764229822172158e+00 2.397216887904511373e-01
3.689670076376717400e+00 2.401220099651270867e-01
3.767170298539282314e+00 2.405074178611293911e-01
3.846298385608709403e+00 2.408784163686779056e-01
3.927088530314795101e+00 2.412354962961685834e-01
4.009575643593583649e+00 2.415791353972460420e-01
4.093795369673066453e+00 2.419097984278422431e-01
4.179784101475695124e+00 2.422279372305210232e-01
4.267578996344456144e+00 2.425339908434218372e-01
4.357217992099268855e+00 2.428283856313852018e-01
4.448739823430597262e+00 2.431115354368665049e-01
4.542184038637474330e+00 2.433838417484237848e-01
4.637591016717029113e+00 2.436456938848849396e-01
4.735001984813020925e+00 2.438974691930228811e-01
4.834459036030877677e+00 2.441395332571590360e-01
4.936005147626883804e+00 2.443722401189601656e-01
5.039684199579492763e+00 2.445959325058297551e-01
5.145540993550656417e+00 2.448109420665347258e-01
5.253621272245478480e+00 2.450175896127981534e-01
5.363971739178508891e+00 2.452161853654520884e-01
5.476640078855172789e+00 2.454070292042951906e-01
5.591674977377180333e+00 2.455904109204040953e-01
5.709126143480666826e+00 2.457666104701306253e-01
5.829044330016286857e+00 2.459358982298897323e-01
5.951481355880487101e+00 2.460985352509044988e-01
6.076490128407390223e+00 2.462547735132802618e-01
6.204124666231064289e+00 2.464048561788265701e-01
6.334440122628001824e+00 2.465490178419992018e-01
6.467492809349845828e+00 2.466874847783983860e-01
6.603340220956797957e+00 2.468204751905199723e-01
6.742041059662057911e+00 2.469481994503807121e-01
6.883655260698164469e+00 2.470708603384000890e-01
7.028244018216154743e+00 2.471886532786991830e-01
7.175869811728655456e+00 2.473017665699363543e-01
7.326596433108510276e+00 2.474103816122902311e-01
7.480489014154390937e+00 2.475146731294442792e-01
7.637614054735490932e+00 2.476148093862769184e-01
7.798039451527389865e+00 2.477109524015189690e-01
7.961834527351421720e+00 2.478032581556817993e-01
8.129070061130436287e+00 2.478918767938937950e-01
8.299818318473633383e+00 2.479769528238759957e-01
8.474153082903916001e+00 2.480586253086134729e-01
8.652149687741161443e+00 2.481370280542210260e-01
8.833885048655098160e+00 2.482122897926039018e-01
9.019437696902077306e+00 2.482845343590739939e-01
9.208887813259838850e+00 2.483538808650300744e-01
9.402317262675161658e+00 2.484204438654188385e-01
9.599809629639260322e+00 2.484843335217507276e-01
9.801450254306150356e+00 2.485456557595136506e-01
1.000732626936980729e+01 2.486045124215186253e-01
1.021752663771576053e+01 2.486610014160321180e-01
1.043214219086366512e+01 2.487152168604389313e-01
1.065126566821732190e+01 2.487672492203272523e-01
1.087499175713905153e+01 2.488171854440017761e-01
1.110341713386595686e+01 2.488651090927879728e-01
1.133664050528546241e+01 2.489111004667175220e-01
1.157476265158844342e+01 2.489552367266162636e-01
1.181788646981827640e+01 2.489975920111752727e-01
1.206611701833448613e+01 2.490382375511120405e-01
1.231956156221054144e+01 2.490772417785989123e-01
1.257832961958501095e+01 2.491146704332904138e-01
1.284253300898643957e+01 2.491505866643611289e-01
1.311228589765227781e+01 2.491850511295296278e-01
1.338770485086259932e+01 2.492181220899148397e-01
1.366890888231018231e+01 2.492498555021211704e-01
1.395601950552860870e+01 2.492803051064232944e-01
1.424916078640042905e+01 2.493095225124211944e-01
1.454845939676848410e+01 2.493375572806940665e-01
1.485404466917306543e+01 2.493644570030968677e-01
1.516604865273898817e+01 2.493902673777637913e-01
1.548460617023653185e+01 2.494150322838726286e-01
1.580985487634078090e+01 2.494387938515611469e-01
1.614193531711491758e+01 2.494615925307286375e-01
1.648099099074269347e+01 2.494834671563631590e-01
1.682716840953674264e+01 2.495044550116679583e-01
1.718061716324933030e+01 2.495245918892423642e-01
1.754148998371280044e+01 2.495439121492880052e-01
1.790994281083797190e+01 2.495624487762287402e-01
1.828613485999859378e+01 2.495802334326202021e-01
1.867022869083132619e+01 2.495972965113818220e-01
1.906239027748089399e+01 2.496136671859655043e-01
1.946278908032046218e+01 2.496293734585307011e-01
1.987159811917880958e+01 2.496444422063013591e-01
2.028899404810530882e+01 2.496588992263151230e-01
2.071515723170549350e+01 2.496727692780780217e-01
2.115027182308006459e+01 2.496860761247647886e-01
2.159452584340074566e+01 2.496988425731073713e-01
2.204811126315791725e+01 2.497110905113869017e-01
2.251122408511452733e+01 2.497228409454344822e-01
2.298406442900261837e+01 2.497341140349581823e-01
2.346683661799888654e+01 2.497449291262443249e-01
2.395974926701638097e+01 2.497553047850679109e-01
2.446301537285113525e+01 2.497652588282045227e-01
2.497685240622187308e+01 2.497748083526941387e-01
2.550148240574328895e+01 2.497839697655695745e-01
2.603713207387314199e+01 2.497927588108328489e-01
2.658403287487448452e+01 2.498011905956499246e-01
2.714242113483590302e+01 2.498092796169613383e-01
2.771253814379226199e+01 2.498170397857512326e-01
2.829463025999074688e+01 2.498244844493039407e-01
2.888894901634695245e+01 2.498316264162057376e-01
2.949575122913680403e+01 2.498384779748979434e-01
3.011529910897177942e+01 2.498450509181476820e-01
3.074786037410509820e+01 2.498513565603470710e-01
3.139370836611760751e+01 2.498574057577276908e-01
3.205312216803404368e+01 2.498632089266148992e-01
3.272638672491981993e+01 2.498687760606083108e-01
3.341379296701121149e+01 2.498741167505265093e-01
3.411563793543188439e+01 2.498792401958434273e-01
3.483222491054969083e+01 2.498841552243321051e-01
3.556386354303006669e+01 2.498888703059084782e-01
3.631086998764165941e+01 2.498933935663407158e-01
3.707356703987284163e+01 2.498977328024084010e-01
3.785228427541775886e+01 2.499018954940626924e-01
3.864735819259196603e+01 2.499058888187108141e-01
3.945913235773991801e+01 2.499097196600704451e-01
4.028795755369618092e+01 2.499133946258572936e-01
4.113419193136537189e+01 2.499169200532112556e-01
4.199820116448601226e+01 2.499203020226417327e-01
4.288035860764469476e+01 2.499235463675551494e-01
4.378104545760997723e+01 2.499266586840625526e-01
4.470065091805432189e+01 2.499296443426520797e-01
4.563957236773642734e+01 2.499325084942046749e-01
4.659821553221618018e+01 2.499352560819931290e-01
4.757699465917596626e+01 2.499378918441051978e-01
4.857633269742522231e+01 2.499404203331548890e-01
4.959666147966422045e+01 2.499428459098398392e-01
5.063842190908719942e+01 2.499451727617128527e-01
5.170206414990506261e+01 2.499474049057494873e-01
5.278804782186942646e+01 2.499495461935158092e-01
5.389684219888333416e+01 2.499516003232919448e-01
5.502892641178294042e+01 2.499535708395591305e-01
5.618478965537907754e+01 2.499554611455734876e-01
5.736493139984769130e+01 2.499572745047215772e-01
5.856986160655984719e+01 2.499590140483313183e-01
5.980010094844609370e+01 2.499606827800446296e-01
6.105618103498855476e+01 2.499622835805599963e-01
6.233864464193952415e+01 2.499638192156322103e-01
6.364804594586527742e+01 2.499652923361106172e-01
6.498495076361572842e+01 2.499667054861356708e-01
6.634993679682470713e+01 2.499680611077762515e-01
6.774359388154584849e+01 2.499693615398012603e-01
6.916652424313140557e+01 2.499706090328423502e-01
7.061934275646555648e+01 2.499718057355063416e-01
7.210267721166295019e+01 2.499729537211184682e-01
7.361716858534879293e+01 2.499740549669693390e-01
7.516347131763704681e+01 2.499751113791541246e-01
7.674225359492578491e+01 2.499761247810628750e-01
7.835419763863366427e+01 2.499770969253653496e-01
7.999999999999998579e+01 2.499780294896566668e-01
